=== Run information ===

Evaluator:    weka.attributeSelection.PrincipalComponents -R 0.95 -A 5
Search:       weka.attributeSelection.Ranker -T -1.7976931348623157E308 -N -1
Relation:     vowel
Instances:    990
Attributes:   14
              Train or Test
              Speaker Number
              Sex
              Feature 0
              Feature 1
              Feature 2
              Feature 3
              Feature 4
              Feature 5
              Feature 6
              Feature 7
              Feature 8
              Feature 9
              Class
Evaluation mode:    evaluate on all training data



=== Attribute Selection on all input data ===

Search Method:
	Attribute ranking.

Attribute Evaluator (unsupervised):
	Principal Components Attribute Transformer

Correlation matrix
  1     -0.25  -0.25  -0.25  -0.25  -0.25  -0.25  -0.25  -0.25   0.29   0.29   0.29   0.29   0.29   0.29   0.29  -0.07  -0.05   0.13  -0.09  -0.01   0.13   0.08  -0.05  -0.15  -0.07   0.02 
 -0.25   1     -0.07  -0.07  -0.07  -0.07  -0.07  -0.07  -0.07  -0.07  -0.07  -0.07  -0.07  -0.07  -0.07  -0.07  -0.25   0.01  -0.07  -0.19   0.18  -0.25   0.26  -0.12   0.08   0.1   -0.18 
 -0.25  -0.07   1     -0.07  -0.07  -0.07  -0.07  -0.07  -0.07  -0.07  -0.07  -0.07  -0.07  -0.07  -0.07  -0.07  -0.25   0.03  -0.01   0.09  -0.18  -0.05   0.01   0.1   -0.02   0.18  -0.02 
 -0.25  -0.07  -0.07   1     -0.07  -0.07  -0.07  -0.07  -0.07  -0.07  -0.07  -0.07  -0.07  -0.07  -0.07  -0.07  -0.25   0.25  -0.07  -0.15   0.28  -0.24   0.11  -0.05   0.34   0.11   0.04 
 -0.25  -0.07  -0.07  -0.07   1     -0.07  -0.07  -0.07  -0.07  -0.07  -0.07  -0.07  -0.07  -0.07  -0.07  -0.07  -0.25   0.19  -0.2    0.16  -0.01  -0.11  -0.01  -0.12   0.18   0.29   0.04 
 -0.25  -0.07  -0.07  -0.07  -0.07   1     -0.07  -0.07  -0.07  -0.07  -0.07  -0.07  -0.07  -0.07  -0.07  -0.07   0.29  -0.02  -0.07   0.25  -0.07   0.1   -0.18   0.05  -0.04  -0.12  -0.03 
 -0.25  -0.07  -0.07  -0.07  -0.07  -0.07   1     -0.07  -0.07  -0.07  -0.07  -0.07  -0.07  -0.07  -0.07  -0.07   0.29  -0.06  -0.02  -0.07   0.07   0.04  -0.02   0.14  -0.08  -0.02  -0.18 
 -0.25  -0.07  -0.07  -0.07  -0.07  -0.07  -0.07   1     -0.07  -0.07  -0.07  -0.07  -0.07  -0.07  -0.07  -0.07   0.29  -0     -0.01   0.08  -0.13   0.12  -0.14   0.07  -0.02  -0.25   0.03 
 -0.25  -0.07  -0.07  -0.07  -0.07  -0.07  -0.07  -0.07   1     -0.07  -0.07  -0.07  -0.07  -0.07  -0.07  -0.07   0.29  -0.31   0.16  -0     -0.13   0.12  -0.2    0.03  -0.13  -0.16   0.24 
  0.29  -0.07  -0.07  -0.07  -0.07  -0.07  -0.07  -0.07  -0.07   1     -0.07  -0.07  -0.07  -0.07  -0.07  -0.07  -0.25   0.08  -0.15   0.15   0.04  -0.09   0.03  -0.14   0.11   0.21   0.11 
  0.29  -0.07  -0.07  -0.07  -0.07  -0.07  -0.07  -0.07  -0.07  -0.07   1     -0.07  -0.07  -0.07  -0.07  -0.07  -0.25  -0.02   0.08  -0.2    0.01  -0.13   0.12   0.02   0.04  -0.05  -0.15 
  0.29  -0.07  -0.07  -0.07  -0.07  -0.07  -0.07  -0.07  -0.07  -0.07  -0.07   1     -0.07  -0.07  -0.07  -0.07  -0.25  -0.03   0.05  -0.02  -0.08   0.03   0.04   0.12   0.18   0.11  -0.24 
  0.29  -0.07  -0.07  -0.07  -0.07  -0.07  -0.07  -0.07  -0.07  -0.07  -0.07  -0.07   1     -0.07  -0.07  -0.07  -0.25   0.04  -0.02  -0.09  -0.03   0.11   0.06   0.12  -0.01   0.02  -0.22 
  0.29  -0.07  -0.07  -0.07  -0.07  -0.07  -0.07  -0.07  -0.07  -0.07  -0.07  -0.07  -0.07   1     -0.07  -0.07   0.29   0.03   0.11   0.02  -0.1    0.07  -0.02  -0.02  -0.12  -0.08   0.07 
  0.29  -0.07  -0.07  -0.07  -0.07  -0.07  -0.07  -0.07  -0.07  -0.07  -0.07  -0.07  -0.07  -0.07   1     -0.07   0.29  -0.13   0.1   -0.02   0.15   0.11  -0.09  -0.12  -0.34  -0.15   0.27 
  0.29  -0.07  -0.07  -0.07  -0.07  -0.07  -0.07  -0.07  -0.07  -0.07  -0.07  -0.07  -0.07  -0.07  -0.07   1      0.29  -0.06   0.1   -0.02  -0.01   0.16   0.02  -0.07  -0.17  -0.19   0.21 
 -0.07  -0.25  -0.25  -0.25  -0.25   0.29   0.29   0.29   0.29  -0.25  -0.25  -0.25  -0.25   0.29   0.29   0.29   1     -0.28   0.19   0.12  -0.1    0.36  -0.31   0.04  -0.45  -0.49   0.31 
 -0.05   0.01   0.03   0.25   0.19  -0.02  -0.06  -0     -0.31   0.08  -0.02  -0.03   0.04   0.03  -0.13  -0.06  -0.28   1     -0.45  -0.4   -0.09  -0.13   0.15   0.05   0.15   0.03  -0.1  
  0.13  -0.07  -0.01  -0.07  -0.2   -0.07  -0.02  -0.01   0.16  -0.15   0.08   0.05  -0.02   0.11   0.1    0.1    0.19  -0.45   1     -0.05  -0.52  -0.34  -0.31   0.22   0.1    0.09  -0.09 
 -0.09  -0.19   0.09  -0.15   0.16   0.25  -0.07   0.08  -0      0.15  -0.2   -0.02  -0.09   0.02  -0.02  -0.02   0.12  -0.4   -0.05   1      0.21  -0.04  -0.47  -0.38  -0.09   0.22   0.3  
 -0.01   0.18  -0.18   0.28  -0.01  -0.07   0.07  -0.13  -0.13   0.04   0.01  -0.08  -0.03  -0.1    0.15  -0.01  -0.1   -0.09  -0.52   0.21   1      0.1    0.06  -0.53  -0.19   0.07   0.27 
  0.13  -0.25  -0.05  -0.24  -0.11   0.1    0.04   0.12   0.12  -0.09  -0.13   0.03   0.11   0.07   0.11   0.16   0.36  -0.13  -0.34  -0.04   0.1    1      0.09  -0.08  -0.45  -0.53   0.03 
  0.08   0.26   0.01   0.11  -0.01  -0.18  -0.02  -0.14  -0.2    0.03   0.12   0.04   0.06  -0.02  -0.09   0.02  -0.31   0.15  -0.31  -0.47   0.06   0.09   1      0.16   0.17  -0.19  -0.32 
 -0.05  -0.12   0.1   -0.05  -0.12   0.05   0.14   0.07   0.03  -0.14   0.02   0.12   0.12  -0.02  -0.12  -0.07   0.04   0.05   0.22  -0.38  -0.53  -0.08   0.16   1      0.09  -0.14  -0.38 
 -0.15   0.08  -0.02   0.34   0.18  -0.04  -0.08  -0.02  -0.13   0.11   0.04   0.18  -0.01  -0.12  -0.34  -0.17  -0.45   0.15   0.1   -0.09  -0.19  -0.45   0.17   0.09   1      0.22  -0.41 
 -0.07   0.1    0.18   0.11   0.29  -0.12  -0.02  -0.25  -0.16   0.21  -0.05   0.11   0.02  -0.08  -0.15  -0.19  -0.49   0.03   0.09   0.22   0.07  -0.53  -0.19  -0.14   0.22   1     -0.05 
  0.02  -0.18  -0.02   0.04   0.04  -0.03  -0.18   0.03   0.24   0.11  -0.15  -0.24  -0.22   0.07   0.27   0.21   0.31  -0.1   -0.09   0.3    0.27   0.03  -0.32  -0.38  -0.41  -0.05   1    


eigenvalue	proportion	cumulative
  3.44445	  0.12757	  0.12757	0.468Sex=Female-0.365Feature 7+0.289Feature 9+0.285Feature 4-0.263Feature 8...
  2.57046	  0.0952 	  0.22277	-0.446Feature 6+0.408Feature 3+0.367Feature 2+0.326Feature 9+0.276Feature 8...
  2.28923	  0.08479	  0.30756	-0.385Train or Test=Test+0.358Feature 1-0.346Feature 5-0.305Feature 3-0.295Feature 4...
  2.07221	  0.07675	  0.38431	0.52 Train or Test=Test+0.352Feature 1+0.262Feature 8-0.222Speaker Number=Kate+0.221Speaker Number=Mike...
  1.50831	  0.05586	  0.44017	-0.366Speaker Number=Andrew+0.288Feature 4-0.287Speaker Number=David+0.285Feature 2-0.285Feature 1...
  1.37102	  0.05078	  0.49095	0.468Feature 0+0.346Speaker Number=David+0.312Speaker Number=Sarah+0.286Feature 9-0.283Speaker Number=Andrew...
  1.24762	  0.04621	  0.53716	0.62 Speaker Number=Bill-0.311Feature 7-0.302Speaker Number=Jo-0.287Speaker Number=Rich-0.224Speaker Number=David...
  1.19401	  0.04422	  0.58138	-0.546Speaker Number=Kate+0.421Speaker Number=Rose-0.375Speaker Number=Sarah+0.278Speaker Number=Penny-0.234Feature 8...
  1.1396 	  0.04221	  0.62359	-0.516Speaker Number=Andrew+0.439Speaker Number=David+0.325Speaker Number=Tim-0.286Speaker Number=Sarah+0.275Speaker Number=Sue...
  1.10716	  0.04101	  0.6646 	0.525Speaker Number=Nick-0.418Speaker Number=Wendy+0.357Speaker Number=Jo+0.305Speaker Number=Sue-0.268Speaker Number=Rich...
  1.0841 	  0.04015	  0.70475	0.576Speaker Number=Mark-0.46Speaker Number=Bill-0.302Speaker Number=Wendy-0.269Speaker Number=Mike+0.244Speaker Number=Tim...
  1.07879	  0.03996	  0.7447 	0.566Speaker Number=Mike+0.429Speaker Number=Kate-0.326Speaker Number=Rich+0.306Speaker Number=Nick-0.275Speaker Number=Jo...
  1.07143	  0.03968	  0.78438	-0.461Speaker Number=Wendy-0.437Speaker Number=Nick-0.392Speaker Number=Mark+0.359Speaker Number=Sarah+0.285Speaker Number=Mike...
  1.07143	  0.03968	  0.82407	-0.541Speaker Number=Penny+0.415Speaker Number=Jo-0.391Speaker Number=Rich+0.353Speaker Number=Tim-0.325Speaker Number=Sue...
  1.02636	  0.03801	  0.86208	0.524Speaker Number=Tim+0.407Speaker Number=Wendy-0.345Speaker Number=Rich-0.323Speaker Number=Rose+0.306Speaker Number=Penny...
  0.9736 	  0.03606	  0.89814	0.412Speaker Number=Sue-0.379Speaker Number=Sarah+0.371Speaker Number=Mike+0.288Speaker Number=Jo-0.276Speaker Number=Bill...
  0.75372	  0.02792	  0.92606	-0.455Feature 5+0.419Feature 0-0.347Feature 7+0.312Speaker Number=Rich-0.286Speaker Number=Sue...
  0.53947	  0.01998	  0.94604	0.655Feature 6-0.332Feature 7+0.267Feature 5+0.266Feature 9-0.244Feature 0...
  0.40483	  0.01499	  0.96103	-0.457Feature 8-0.441Feature 4+0.367Feature 9+0.338Feature 7-0.26Speaker Number=David...

Eigenvectors
 V1	 V2	 V3	 V4	 V5	 V6	 V7	 V8	 V9	 V10	 V11	 V12	 V13	 V14	 V15	 V16	 V17	 V18	 V19	
 0.0542	-0.1509	-0.3848	 0.5196	 0.0787	 0.0647	-0.0878	-0.0338	 0.0061	 0.0073	-0.0048	 0.0133	-0     	 0     	 0.0178	 0.0105	 0.0177	 0.0108	 0.0737	Train or Test=Test
-0.1641	 0.0644	-0.0416	-0.1498	-0.3657	-0.2831	 0.0426	-0.0412	-0.516 	-0.0131	 0.045 	-0.1901	 0.2462	-0.0192	 0.162 	 0.1825	 0.1977	-0.018 	 0.0235	Speaker Number=Andrew
-0.0839	 0.0232	 0.1647	-0.0239	 0.1475	-0.0622	 0.6204	-0.0717	 0.0116	 0.0817	-0.4599	-0.1098	 0.0037	-0.0988	-0.1259	-0.2757	-0.0994	-0.1738	 0.0975	Speaker Number=Bill
-0.1848	 0.1447	-0.0099	-0.1602	-0.2868	 0.3459	-0.2245	 0.1077	 0.4386	-0.0173	-0.1968	-0.1501	 0.0743	 0.1145	-0.0093	-0.1872	-0.124 	 0.0846	-0.2605	Speaker Number=David
-0.1309	 0.2177	 0.0936	-0.0632	 0.2216	 0.1148	 0.1413	-0.0623	-0.0646	-0.1742	 0.576 	-0.0571	-0.3925	-0.069 	-0.0123	 0.1393	-0.2672	 0.0916	-0.0804	Speaker Number=Mark
 0.111 	 0.0235	 0.1542	-0.1685	 0.2741	-0.0713	-0.3015	-0.018 	-0.1163	 0.3566	-0.2258	-0.275 	-0.1336	 0.4153	-0.0673	 0.2883	 0.0202	 0.0606	-0.0558	Speaker Number=Jo
 0.0457	-0.0778	 0.0769	-0.2215	-0.0653	-0.2482	-0.1745	-0.5457	 0.22  	-0.2166	-0.0516	 0.4295	-0.1368	-0.0708	 0.0344	-0.0687	 0.0507	-0.1266	 0.1855	Speaker Number=Kate
 0.1147	-0.0627	 0.1205	-0.2108	 0.139 	 0.1682	-0.1147	 0.2777	-0.1247	 0.212 	 0.1051	 0.1608	 0.2178	-0.5406	 0.3058	-0.2177	 0.0582	 0.1327	-0.1006	Speaker Number=Penny
 0.1841	-0.0312	 0.2114	-0.0413	-0.2217	-0.0937	 0.1865	 0.4211	 0.1391	-0.2438	 0.2176	 0.1653	 0.1209	 0.2685	-0.323 	 0.1182	 0.1284	-0.0727	 0.0436	Speaker Number=Rose
-0.0791	 0.1701	-0.1051	 0.2212	 0.1878	 0.0769	-0.0711	 0.0751	-0.1169	-0.0605	-0.2694	 0.5655	 0.2853	 0.026 	-0.0526	 0.3708	-0.1345	 0.0054	-0.1625	Speaker Number=Mike
-0.0995	-0.1218	-0.1225	 0.1582	-0.175 	-0.0262	-0.0175	 0.1116	-0.1091	 0.5248	 0.1207	 0.3058	-0.4366	 0.0848	-0.1998	-0.2696	 0.1387	 0.0203	 0.0077	Speaker Number=Nick
-0.1137	-0.1196	-0.0239	 0.2062	 0.1672	-0.215 	-0.2867	 0.145 	 0.1288	-0.2681	-0.06  	-0.3261	-0.0361	-0.391 	-0.3447	 0.0244	 0.3117	 0.0451	 0.127 	Speaker Number=Rich
-0.0792	-0.1284	-0.1549	 0.1014	 0.2182	-0.1969	 0.1214	 0.0642	 0.3254	 0.0392	 0.2436	-0.0669	 0.2556	 0.3527	 0.5242	-0.1059	 0.0447	-0.006 	 0.1952	Speaker Number=Tim
 0.1113	-0.0889	-0.0575	 0.1282	 0.0412	 0.3124	-0.0707	-0.3747	-0.2857	-0.1079	 0.1905	-0.1418	 0.3594	 0.1866	-0.2968	-0.3794	-0.0884	 0.0698	-0.0008	Speaker Number=Sarah
 0.2065	 0.0432	-0.159 	 0.135 	-0.2077	-0.001 	 0.1274	-0.2039	 0.2754	 0.3053	 0.0674	-0.2257	 0.0329	-0.3252	-0.0014	 0.4115	-0.2859	-0.1241	 0.0245	Speaker Number=Sue
 0.162 	-0.0565	-0.1467	 0.0889	-0.0745	 0.1793	 0.0216	 0.115 	-0.2057	-0.4182	-0.3024	-0.0843	-0.4606	 0.0662	 0.4067	-0.0308	 0.049 	 0.0111	-0.0438	Speaker Number=Wendy
 0.4676	-0.1252	 0.0998	-0.145 	-0.0574	 0.1229	-0.1629	-0.1642	-0.0489	-0.0562	 0.0004	 0.0144	 0     	-0     	 0.0292	 0.0607	-0.0338	-0.0246	 0.0263	Sex=Female
-0.2342	 0.0082	-0.1854	-0.219 	 0.2019	 0.4681	 0.0835	-0.1525	 0.0396	 0.0458	 0.021 	-0.0203	 0     	 0     	-0.0128	 0.183 	 0.4194	-0.2443	 0.1111	Feature 0
 0.0673	-0.26  	 0.3585	 0.352 	-0.2848	 0.0487	-0.0386	-0.0361	-0.0006	 0.0155	-0.0016	-0.0716	-0     	-0     	 0.1543	-0.0076	-0.1094	-0.1455	-0.19  	Feature 1
 0.1697	 0.3665	 0.2219	 0.1617	 0.285 	-0.1618	-0.1397	 0.0266	-0.0802	 0.04  	-0.0676	-0.0294	-0     	-0     	 0.0492	-0.1829	-0.1892	 0.12  	 0.2567	Feature 2
 0.0335	 0.4081	-0.3051	-0.1066	-0.2019	-0.219 	-0.1797	-0.0366	 0.1317	 0.0265	-0.0265	-0.0221	-0     	-0     	 0.007 	-0.2   	 0.0407	 0.1722	 0.0116	Feature 3
 0.2847	-0.1069	-0.295 	-0.1903	 0.2877	-0.1758	 0.0492	 0.1544	 0.0668	-0.1155	 0.026 	-0.0348	 0     	 0     	-0.1345	-0.1021	-0.1187	-0.219 	-0.4406	Feature 4
-0.2252	-0.1644	-0.3456	-0.1883	-0.1109	-0.0868	 0.0767	 0.05  	-0.1692	-0.1126	-0.0796	-0.0025	 0     	-0     	-0.1079	 0.0222	-0.4548	 0.2666	 0.0888	Feature 5
-0.0905	-0.4465	 0.1582	-0.0849	 0.0883	 0.0283	 0.0849	-0.0694	 0.1579	-0.0018	-0.0838	 0.0374	-0     	-0     	-0.0225	 0.1529	-0.0012	 0.6549	 0.0526	Feature 6
-0.3645	-0.0299	 0.1805	 0.0138	-0.0067	 0.1261	-0.3112	 0.1878	-0.0135	-0.0808	-0.0027	 0.0016	 0     	-0     	 0.0157	-0.0067	-0.3469	-0.3316	 0.3377	Feature 7
-0.2632	 0.2756	 0.2114	 0.2617	 0.0265	-0.0794	 0.0792	-0.2335	 0.0551	-0.096 	 0.021 	-0     	 0     	 0     	 0.0618	 0.0005	 0.1722	 0.1838	-0.4569	Feature 8
 0.2892	 0.326 	-0.0252	 0.0803	-0.1281	 0.2858	 0.191 	 0.105 	 0.0582	-0.0453	-0.0373	 0.0237	 0     	 0     	-0.0484	 0.0752	 0.1237	 0.2665	 0.3671	Feature 9

Ranked attributes:
 0.8724   1 0.468Sex=Female-0.365Feature 7+0.289Feature 9+0.285Feature 4-0.263Feature 8...
 0.7772   2 -0.446Feature 6+0.408Feature 3+0.367Feature 2+0.326Feature 9+0.276Feature 8...
 0.6924   3 -0.385Train or Test=Test+0.358Feature 1-0.346Feature 5-0.305Feature 3-0.295Feature 4...
 0.6157   4 0.52 Train or Test=Test+0.352Feature 1+0.262Feature 8-0.222Speaker Number=Kate+0.221Speaker Number=Mike...
 0.5598   5 -0.366Speaker Number=Andrew+0.288Feature 4-0.287Speaker Number=David+0.285Feature 2-0.285Feature 1...
 0.509    6 0.468Feature 0+0.346Speaker Number=David+0.312Speaker Number=Sarah+0.286Feature 9-0.283Speaker Number=Andrew...
 0.4628   7 0.62 Speaker Number=Bill-0.311Feature 7-0.302Speaker Number=Jo-0.287Speaker Number=Rich-0.224Speaker Number=David...
 0.4186   8 -0.546Speaker Number=Kate+0.421Speaker Number=Rose-0.375Speaker Number=Sarah+0.278Speaker Number=Penny-0.234Feature 8...
 0.3764   9 -0.516Speaker Number=Andrew+0.439Speaker Number=David+0.325Speaker Number=Tim-0.286Speaker Number=Sarah+0.275Speaker Number=Sue...
 0.3354  10 0.525Speaker Number=Nick-0.418Speaker Number=Wendy+0.357Speaker Number=Jo+0.305Speaker Number=Sue-0.268Speaker Number=Rich...
 0.2953  11 0.576Speaker Number=Mark-0.46Speaker Number=Bill-0.302Speaker Number=Wendy-0.269Speaker Number=Mike+0.244Speaker Number=Tim...
 0.2553  12 0.566Speaker Number=Mike+0.429Speaker Number=Kate-0.326Speaker Number=Rich+0.306Speaker Number=Nick-0.275Speaker Number=Jo...
 0.2156  13 -0.461Speaker Number=Wendy-0.437Speaker Number=Nick-0.392Speaker Number=Mark+0.359Speaker Number=Sarah+0.285Speaker Number=Mike...
 0.1759  14 -0.541Speaker Number=Penny+0.415Speaker Number=Jo-0.391Speaker Number=Rich+0.353Speaker Number=Tim-0.325Speaker Number=Sue...
 0.1379  15 0.524Speaker Number=Tim+0.407Speaker Number=Wendy-0.345Speaker Number=Rich-0.323Speaker Number=Rose+0.306Speaker Number=Penny...
 0.1019  16 0.412Speaker Number=Sue-0.379Speaker Number=Sarah+0.371Speaker Number=Mike+0.288Speaker Number=Jo-0.276Speaker Number=Bill...
 0.0739  17 -0.455Feature 5+0.419Feature 0-0.347Feature 7+0.312Speaker Number=Rich-0.286Speaker Number=Sue...
 0.054   18 0.655Feature 6-0.332Feature 7+0.267Feature 5+0.266Feature 9-0.244Feature 0...
 0.039   19 -0.457Feature 8-0.441Feature 4+0.367Feature 9+0.338Feature 7-0.26Speaker Number=David...

Selected attributes: 1,2,3,4,5,6,7,8,9,10,11,12,13,14,15,16,17,18,19 : 19

